胡惠中 3010000 A 000000 C 6 0 100 0 0
冯薪朵 1010001 A 000000 A 6 2 100 0 0
苏珊珊 1020002 B 000000 A 6 2 100 0 0
段奕X 1030003 C 000000 A 6 0 100 0 0
黄婷婷 1040004 D 000000 A 6 0 100 0 0
赠言分 1050005 E 000000 A 6 0 100 0 0
易嘉爱 1060006 F 000000 A 6 3 100 0 0
牛匆匆 1070007 G 000000 A 6 0 100 0 0
鞠婧t 1080008 H 000000 A 6 0 100 0 0
王子杰 1090009 I 000000 A 6 0 100 0 0
孔消音 1100010 J 000000 A 6 0 100 0 0
杨幂 1110011 K 000000 A 6 0 100 0 0
迪丽热巴 2120012 L 000000 B 3 2 90 44 0
张碧晨 2130013 M 000000 B 3 1 100 0 0
巩俐 2140014 N 000000 B 3 0 100 0 0
林青霞 2010015 A 000000 B 3 0 100 0 0
朱茵 2020016 B 000000 B 3 0 100 0 0
王祖贤 2030017 C 000000 B 3 0 100 0 0
高圆圆 2040018 D 000000 B 3 0 90 27 0
胡歌 2050019 E 000000 B 3 3 100 0 0
王若楠 3010020 A 000000 C 6 0 100 0 0
